(kicad_pcb (version 20171130) (host pcbnew 5.1.7-1.fc32)

  (general
    (thickness 1.6)
    (drawings 9)
    (tracks 0)
    (zones 0)
    (modules 19)
    (nets 13)
  )

  (page A4)
  (layers
    (0 F.Cu jumper)
    (31 B.Cu jumper)
    (32 B.Adhes user)
    (33 F.Adhes user)
    (34 B.Paste user)
    (35 F.Paste user)
    (36 B.SilkS user)
    (37 F.SilkS user)
    (38 B.Mask user)
    (39 F.Mask user)
    (40 Dwgs.User user)
    (41 Cmts.User user)
    (42 Eco1.User user)
    (43 Eco2.User user)
    (44 Edge.Cuts user)
    (45 Margin user)
    (46 B.CrtYd user)
    (47 F.CrtYd user)
    (48 B.Fab user)
    (49 F.Fab user)
  )

  (setup
    (last_trace_width 0.1524)
    (user_trace_width 0.254)
    (user_trace_width 0.381)
    (user_trace_width 0.635)
    (user_trace_width 1.27)
    (trace_clearance 0.1524)
    (zone_clearance 0.508)
    (zone_45_only no)
    (trace_min 0.1524)
    (via_size 0.6858)
    (via_drill 0.3302)
    (via_min_size 0.508)
    (via_min_drill 0.254)
    (user_via 1.27 0.7112)
    (user_via 2.54 1.3208)
    (uvia_size 0.6858)
    (uvia_drill 0.3302)
    (uvias_allowed no)
    (uvia_min_size 0)
    (uvia_min_drill 0)
    (edge_width 0.05)
    (segment_width 0.2)
    (pcb_text_width 0.3)
    (pcb_text_size 1.5 1.5)
    (mod_edge_width 0.12)
    (mod_text_size 1 1)
    (mod_text_width 0.15)
    (pad_size 5.4 5.4)
    (pad_drill 2.7)
    (pad_to_mask_clearance 0.0508)
    (solder_mask_min_width 0.1016)
    (aux_axis_origin 0 0)
    (visible_elements FFFFFF7F)
    (pcbplotparams
      (layerselection 0x010fc_ffffffff)
      (usegerberextensions false)
      (usegerberattributes true)
      (usegerberadvancedattributes true)
      (creategerberjobfile true)
      (excludeedgelayer true)
      (linewidth 0.100000)
      (plotframeref false)
      (viasonmask false)
      (mode 1)
      (useauxorigin false)
      (hpglpennumber 1)
      (hpglpenspeed 20)
      (hpglpendiameter 15.000000)
      (psnegative false)
      (psa4output false)
      (plotreference true)
      (plotvalue true)
      (plotinvisibletext false)
      (padsonsilk false)
      (subtractmaskfromsilk false)
      (outputformat 1)
      (mirror false)
      (drillshape 1)
      (scaleselection 1)
      (outputdirectory ""))
  )

  (net 0 "")
  (net 1 GND)
  (net 2 +5V)
  (net 3 +3V3)
  (net 4 "Net-(C3-Pad2)")
  (net 5 /SDA)
  (net 6 /~INT)
  (net 7 /SCL)
  (net 8 /~BUTTON)
  (net 9 "Net-(Q1-Pad2)")
  (net 10 "Net-(R2-Pad2)")
  (net 11 "Net-(R3-Pad2)")
  (net 12 "Net-(U2-Pad4)")

  (net_class Default "This is the default net class."
    (clearance 0.1524)
    (trace_width 0.1524)
    (via_dia 0.6858)
    (via_drill 0.3302)
    (uvia_dia 0.6858)
    (uvia_drill 0.3302)
    (add_net +3V3)
    (add_net +5V)
    (add_net /SCL)
    (add_net /SDA)
    (add_net /~BUTTON)
    (add_net /~INT)
    (add_net GND)
    (add_net "Net-(C3-Pad2)")
    (add_net "Net-(Q1-Pad2)")
    (add_net "Net-(R2-Pad2)")
    (add_net "Net-(R3-Pad2)")
    (add_net "Net-(U2-Pad4)")
  )

  (module MountingHole:MountingHole_2.7mm_M2.5_Pad locked (layer F.Cu) (tedit 56D1B4CB) (tstamp 5F903B85)
    (at 120.65 82.8816)
    (descr "Mounting Hole 2.7mm, M2.5")
    (tags "mounting hole 2.7mm m2.5")
    (attr virtual)
    (fp_text reference REF** (at 0 -3.7) (layer F.SilkS)
      (effects (font (size 1 1) (thickness 0.15)))
    )
    (fp_text value MountingHole_2.7mm_M2.5_Pad (at 0 3.7) (layer F.Fab) hide
      (effects (font (size 1 1) (thickness 0.15)))
    )
    (fp_circle (center 0 0) (end 2.95 0) (layer F.CrtYd) (width 0.05))
    (fp_circle (center 0 0) (end 2.7 0) (layer Cmts.User) (width 0.15))
    (fp_text user %R (at 0.3 0) (layer F.Fab)
      (effects (font (size 1 1) (thickness 0.15)))
    )
    (pad 1 thru_hole circle (at 0 0) (size 5.4 5.4) (drill 2.7) (layers *.Cu *.Mask))
  )

  (module MountingHole:MountingHole_2.7mm_M2.5_Pad locked (layer F.Cu) (tedit 56D1B4CB) (tstamp 5F903A5E)
    (at 136.61 116.89)
    (descr "Mounting Hole 2.7mm, M2.5")
    (tags "mounting hole 2.7mm m2.5")
    (attr virtual)
    (fp_text reference REF** (at 0 -3.7) (layer F.SilkS)
      (effects (font (size 1 1) (thickness 0.15)))
    )
    (fp_text value MountingHole_2.7mm_M2.5_Pad (at 0 3.7) (layer F.Fab) hide
      (effects (font (size 1 1) (thickness 0.15)))
    )
    (fp_circle (center 0 0) (end 2.7 0) (layer Cmts.User) (width 0.15))
    (fp_circle (center 0 0) (end 2.95 0) (layer F.CrtYd) (width 0.05))
    (fp_text user %R (at 0.3 0) (layer F.Fab)
      (effects (font (size 1 1) (thickness 0.15)))
    )
    (pad 1 thru_hole circle (at 0 0) (size 5.4 5.4) (drill 2.7) (layers *.Cu *.Mask))
  )

  (module MountingHole:MountingHole_2.7mm_M2.5_Pad locked (layer F.Cu) (tedit 5F8FC36B) (tstamp 5F9039D8)
    (at 104.69 116.89)
    (descr "Mounting Hole 2.7mm, M2.5")
    (tags "mounting hole 2.7mm m2.5")
    (attr virtual)
    (fp_text reference REF** (at 0 -3.7) (layer F.SilkS)
      (effects (font (size 1 1) (thickness 0.15)))
    )
    (fp_text value MountingHole_2.7mm_M2.5_Pad (at 0 3.7) (layer F.Fab) hide
      (effects (font (size 1 1) (thickness 0.15)))
    )
    (fp_circle (center 0 0) (end 2.95 0) (layer F.CrtYd) (width 0.05))
    (fp_circle (center 0 0) (end 2.7 0) (layer Cmts.User) (width 0.15))
    (fp_text user %R (at 0.3 0) (layer F.Fab)
      (effects (font (size 1 1) (thickness 0.15)))
    )
    (pad 1 thru_hole circle (at 0 0) (size 5.4 5.4) (drill 2.7) (layers *.Cu *.Mask))
  )

  (module Capacitor_SMD:C_0805_2012Metric (layer F.Cu) (tedit 5F68FEEE) (tstamp 5F8E28BA)
    (at 128.59 99.06)
    (descr "Capacitor SMD 0805 (2012 Metric), square (rectangular) end terminal, IPC_7351 nominal, (Body size source: IPC-SM-782 page 76, https://www.pcb-3d.com/wordpress/wp-content/uploads/ipc-sm-782a_amendment_1_and_2.pdf, https://docs.google.com/spreadsheets/d/1BsfQQcO9C6DZCsRaXUlFlo91Tg2WpOkGARC1WS5S8t0/edit?usp=sharing), generated with kicad-footprint-generator")
    (tags capacitor)
    (path /5F919F34)
    (attr smd)
    (fp_text reference C1 (at 0 -1.68) (layer F.SilkS)
      (effects (font (size 1 1) (thickness 0.15)))
    )
    (fp_text value 1uF (at 0 1.68) (layer F.Fab)
      (effects (font (size 1 1) (thickness 0.15)))
    )
    (fp_line (start -1 0.625) (end -1 -0.625) (layer F.Fab) (width 0.1))
    (fp_line (start -1 -0.625) (end 1 -0.625) (layer F.Fab) (width 0.1))
    (fp_line (start 1 -0.625) (end 1 0.625) (layer F.Fab) (width 0.1))
    (fp_line (start 1 0.625) (end -1 0.625) (layer F.Fab) (width 0.1))
    (fp_line (start -0.261252 -0.735) (end 0.261252 -0.735) (layer F.SilkS) (width 0.12))
    (fp_line (start -0.261252 0.735) (end 0.261252 0.735) (layer F.SilkS) (width 0.12))
    (fp_line (start -1.7 0.98) (end -1.7 -0.98) (layer F.CrtYd) (width 0.05))
    (fp_line (start -1.7 -0.98) (end 1.7 -0.98) (layer F.CrtYd) (width 0.05))
    (fp_line (start 1.7 -0.98) (end 1.7 0.98) (layer F.CrtYd) (width 0.05))
    (fp_line (start 1.7 0.98) (end -1.7 0.98) (layer F.CrtYd) (width 0.05))
    (fp_text user %R (at 0 0) (layer F.Fab)
      (effects (font (size 0.5 0.5) (thickness 0.08)))
    )
    (pad 1 smd roundrect (at -0.95 0) (size 1 1.45) (layers F.Cu F.Paste F.Mask) (roundrect_rratio 0.25)
      (net 1 GND))
    (pad 2 smd roundrect (at 0.95 0) (size 1 1.45) (layers F.Cu F.Paste F.Mask) (roundrect_rratio 0.25)
      (net 2 +5V))
    (model ${KISYS3DMOD}/Capacitor_SMD.3dshapes/C_0805_2012Metric.wrl
      (at (xyz 0 0 0))
      (scale (xyz 1 1 1))
      (rotate (xyz 0 0 0))
    )
  )

  (module Capacitor_SMD:C_0805_2012Metric (layer F.Cu) (tedit 5F68FEEE) (tstamp 5F8E28CB)
    (at 136.845 92.71)
    (descr "Capacitor SMD 0805 (2012 Metric), square (rectangular) end terminal, IPC_7351 nominal, (Body size source: IPC-SM-782 page 76, https://www.pcb-3d.com/wordpress/wp-content/uploads/ipc-sm-782a_amendment_1_and_2.pdf, https://docs.google.com/spreadsheets/d/1BsfQQcO9C6DZCsRaXUlFlo91Tg2WpOkGARC1WS5S8t0/edit?usp=sharing), generated with kicad-footprint-generator")
    (tags capacitor)
    (path /5F91A815)
    (attr smd)
    (fp_text reference C2 (at 0 -1.68) (layer F.SilkS)
      (effects (font (size 1 1) (thickness 0.15)))
    )
    (fp_text value 1uF (at 0 1.68) (layer F.Fab)
      (effects (font (size 1 1) (thickness 0.15)))
    )
    (fp_line (start 1.7 0.98) (end -1.7 0.98) (layer F.CrtYd) (width 0.05))
    (fp_line (start 1.7 -0.98) (end 1.7 0.98) (layer F.CrtYd) (width 0.05))
    (fp_line (start -1.7 -0.98) (end 1.7 -0.98) (layer F.CrtYd) (width 0.05))
    (fp_line (start -1.7 0.98) (end -1.7 -0.98) (layer F.CrtYd) (width 0.05))
    (fp_line (start -0.261252 0.735) (end 0.261252 0.735) (layer F.SilkS) (width 0.12))
    (fp_line (start -0.261252 -0.735) (end 0.261252 -0.735) (layer F.SilkS) (width 0.12))
    (fp_line (start 1 0.625) (end -1 0.625) (layer F.Fab) (width 0.1))
    (fp_line (start 1 -0.625) (end 1 0.625) (layer F.Fab) (width 0.1))
    (fp_line (start -1 -0.625) (end 1 -0.625) (layer F.Fab) (width 0.1))
    (fp_line (start -1 0.625) (end -1 -0.625) (layer F.Fab) (width 0.1))
    (fp_text user %R (at 0 0) (layer F.Fab)
      (effects (font (size 0.5 0.5) (thickness 0.08)))
    )
    (pad 2 smd roundrect (at 0.95 0) (size 1 1.45) (layers F.Cu F.Paste F.Mask) (roundrect_rratio 0.25)
      (net 3 +3V3))
    (pad 1 smd roundrect (at -0.95 0) (size 1 1.45) (layers F.Cu F.Paste F.Mask) (roundrect_rratio 0.25)
      (net 1 GND))
    (model ${KISYS3DMOD}/Capacitor_SMD.3dshapes/C_0805_2012Metric.wrl
      (at (xyz 0 0 0))
      (scale (xyz 1 1 1))
      (rotate (xyz 0 0 0))
    )
  )

  (module Capacitor_SMD:C_0805_2012Metric (layer F.Cu) (tedit 5F68FEEE) (tstamp 5F8E28DC)
    (at 135.575 99.06)
    (descr "Capacitor SMD 0805 (2012 Metric), square (rectangular) end terminal, IPC_7351 nominal, (Body size source: IPC-SM-782 page 76, https://www.pcb-3d.com/wordpress/wp-content/uploads/ipc-sm-782a_amendment_1_and_2.pdf, https://docs.google.com/spreadsheets/d/1BsfQQcO9C6DZCsRaXUlFlo91Tg2WpOkGARC1WS5S8t0/edit?usp=sharing), generated with kicad-footprint-generator")
    (tags capacitor)
    (path /5F91BD98)
    (attr smd)
    (fp_text reference C3 (at 0 -1.68) (layer F.SilkS)
      (effects (font (size 1 1) (thickness 0.15)))
    )
    (fp_text value 22nF (at 0 1.68) (layer F.Fab)
      (effects (font (size 1 1) (thickness 0.15)))
    )
    (fp_line (start -1 0.625) (end -1 -0.625) (layer F.Fab) (width 0.1))
    (fp_line (start -1 -0.625) (end 1 -0.625) (layer F.Fab) (width 0.1))
    (fp_line (start 1 -0.625) (end 1 0.625) (layer F.Fab) (width 0.1))
    (fp_line (start 1 0.625) (end -1 0.625) (layer F.Fab) (width 0.1))
    (fp_line (start -0.261252 -0.735) (end 0.261252 -0.735) (layer F.SilkS) (width 0.12))
    (fp_line (start -0.261252 0.735) (end 0.261252 0.735) (layer F.SilkS) (width 0.12))
    (fp_line (start -1.7 0.98) (end -1.7 -0.98) (layer F.CrtYd) (width 0.05))
    (fp_line (start -1.7 -0.98) (end 1.7 -0.98) (layer F.CrtYd) (width 0.05))
    (fp_line (start 1.7 -0.98) (end 1.7 0.98) (layer F.CrtYd) (width 0.05))
    (fp_line (start 1.7 0.98) (end -1.7 0.98) (layer F.CrtYd) (width 0.05))
    (fp_text user %R (at 0 0) (layer F.Fab)
      (effects (font (size 0.5 0.5) (thickness 0.08)))
    )
    (pad 1 smd roundrect (at -0.95 0) (size 1 1.45) (layers F.Cu F.Paste F.Mask) (roundrect_rratio 0.25)
      (net 1 GND))
    (pad 2 smd roundrect (at 0.95 0) (size 1 1.45) (layers F.Cu F.Paste F.Mask) (roundrect_rratio 0.25)
      (net 4 "Net-(C3-Pad2)"))
    (model ${KISYS3DMOD}/Capacitor_SMD.3dshapes/C_0805_2012Metric.wrl
      (at (xyz 0 0 0))
      (scale (xyz 1 1 1))
      (rotate (xyz 0 0 0))
    )
  )

  (module Capacitor_SMD:C_0805_2012Metric (layer F.Cu) (tedit 5F68FEEE) (tstamp 5F8E28ED)
    (at 115.255 68.58)
    (descr "Capacitor SMD 0805 (2012 Metric), square (rectangular) end terminal, IPC_7351 nominal, (Body size source: IPC-SM-782 page 76, https://www.pcb-3d.com/wordpress/wp-content/uploads/ipc-sm-782a_amendment_1_and_2.pdf, https://docs.google.com/spreadsheets/d/1BsfQQcO9C6DZCsRaXUlFlo91Tg2WpOkGARC1WS5S8t0/edit?usp=sharing), generated with kicad-footprint-generator")
    (tags capacitor)
    (path /5F8FD46B)
    (attr smd)
    (fp_text reference C4 (at 0 -1.68) (layer F.SilkS)
      (effects (font (size 1 1) (thickness 0.15)))
    )
    (fp_text value 0.1uF (at 0 1.68) (layer F.Fab)
      (effects (font (size 1 1) (thickness 0.15)))
    )
    (fp_line (start -1 0.625) (end -1 -0.625) (layer F.Fab) (width 0.1))
    (fp_line (start -1 -0.625) (end 1 -0.625) (layer F.Fab) (width 0.1))
    (fp_line (start 1 -0.625) (end 1 0.625) (layer F.Fab) (width 0.1))
    (fp_line (start 1 0.625) (end -1 0.625) (layer F.Fab) (width 0.1))
    (fp_line (start -0.261252 -0.735) (end 0.261252 -0.735) (layer F.SilkS) (width 0.12))
    (fp_line (start -0.261252 0.735) (end 0.261252 0.735) (layer F.SilkS) (width 0.12))
    (fp_line (start -1.7 0.98) (end -1.7 -0.98) (layer F.CrtYd) (width 0.05))
    (fp_line (start -1.7 -0.98) (end 1.7 -0.98) (layer F.CrtYd) (width 0.05))
    (fp_line (start 1.7 -0.98) (end 1.7 0.98) (layer F.CrtYd) (width 0.05))
    (fp_line (start 1.7 0.98) (end -1.7 0.98) (layer F.CrtYd) (width 0.05))
    (fp_text user %R (at 0 0) (layer F.Fab)
      (effects (font (size 0.5 0.5) (thickness 0.08)))
    )
    (pad 1 smd roundrect (at -0.95 0) (size 1 1.45) (layers F.Cu F.Paste F.Mask) (roundrect_rratio 0.25)
      (net 3 +3V3))
    (pad 2 smd roundrect (at 0.95 0) (size 1 1.45) (layers F.Cu F.Paste F.Mask) (roundrect_rratio 0.25)
      (net 1 GND))
    (model ${KISYS3DMOD}/Capacitor_SMD.3dshapes/C_0805_2012Metric.wrl
      (at (xyz 0 0 0))
      (scale (xyz 1 1 1))
      (rotate (xyz 0 0 0))
    )
  )

  (module Capacitor_SMD:C_0805_2012Metric (layer F.Cu) (tedit 5F68FEEE) (tstamp 5F8E28FE)
    (at 108.905 89.535)
    (descr "Capacitor SMD 0805 (2012 Metric), square (rectangular) end terminal, IPC_7351 nominal, (Body size source: IPC-SM-782 page 76, https://www.pcb-3d.com/wordpress/wp-content/uploads/ipc-sm-782a_amendment_1_and_2.pdf, https://docs.google.com/spreadsheets/d/1BsfQQcO9C6DZCsRaXUlFlo91Tg2WpOkGARC1WS5S8t0/edit?usp=sharing), generated with kicad-footprint-generator")
    (tags capacitor)
    (path /5F8FDA8A)
    (attr smd)
    (fp_text reference C5 (at 0 -1.68) (layer F.SilkS)
      (effects (font (size 1 1) (thickness 0.15)))
    )
    (fp_text value 0.1uF (at 0 1.68) (layer F.Fab)
      (effects (font (size 1 1) (thickness 0.15)))
    )
    (fp_line (start 1.7 0.98) (end -1.7 0.98) (layer F.CrtYd) (width 0.05))
    (fp_line (start 1.7 -0.98) (end 1.7 0.98) (layer F.CrtYd) (width 0.05))
    (fp_line (start -1.7 -0.98) (end 1.7 -0.98) (layer F.CrtYd) (width 0.05))
    (fp_line (start -1.7 0.98) (end -1.7 -0.98) (layer F.CrtYd) (width 0.05))
    (fp_line (start -0.261252 0.735) (end 0.261252 0.735) (layer F.SilkS) (width 0.12))
    (fp_line (start -0.261252 -0.735) (end 0.261252 -0.735) (layer F.SilkS) (width 0.12))
    (fp_line (start 1 0.625) (end -1 0.625) (layer F.Fab) (width 0.1))
    (fp_line (start 1 -0.625) (end 1 0.625) (layer F.Fab) (width 0.1))
    (fp_line (start -1 -0.625) (end 1 -0.625) (layer F.Fab) (width 0.1))
    (fp_line (start -1 0.625) (end -1 -0.625) (layer F.Fab) (width 0.1))
    (fp_text user %R (at 0 0) (layer F.Fab)
      (effects (font (size 0.5 0.5) (thickness 0.08)))
    )
    (pad 2 smd roundrect (at 0.95 0) (size 1 1.45) (layers F.Cu F.Paste F.Mask) (roundrect_rratio 0.25)
      (net 1 GND))
    (pad 1 smd roundrect (at -0.95 0) (size 1 1.45) (layers F.Cu F.Paste F.Mask) (roundrect_rratio 0.25)
      (net 2 +5V))
    (model ${KISYS3DMOD}/Capacitor_SMD.3dshapes/C_0805_2012Metric.wrl
      (at (xyz 0 0 0))
      (scale (xyz 1 1 1))
      (rotate (xyz 0 0 0))
    )
  )

  (module Connector_Wire:SolderWire-1sqmm_1x06_P5.4mm_D1.4mm_OD2.7mm (layer F.Cu) (tedit 5EB70B43) (tstamp 5F8E66AD)
    (at 107.315 129.54)
    (descr "Soldered wire connection, for 6 times 1 mm² wires, basic insulation, conductor diameter 1.4mm, outer diameter 2.7mm, size source Multi-Contact FLEXI-E 1.0 (https://ec.staubli.com/AcroFiles/Catalogues/TM_Cab-Main-11014119_(en)_hi.pdf), bend radius 3 times outer diameter, generated with kicad-footprint-generator")
    (tags "connector wire 1sqmm")
    (path /5F8CB1BB)
    (attr virtual)
    (fp_text reference J1 (at 13.5 -2.58) (layer F.SilkS)
      (effects (font (size 1 1) (thickness 0.15)))
    )
    (fp_text value "Main Board" (at 13.5 2.58) (layer F.Fab)
      (effects (font (size 1 1) (thickness 0.15)))
    )
    (fp_circle (center 0 0) (end 1.35 0) (layer F.Fab) (width 0.1))
    (fp_circle (center 5.4 0) (end 6.75 0) (layer F.Fab) (width 0.1))
    (fp_circle (center 10.8 0) (end 12.15 0) (layer F.Fab) (width 0.1))
    (fp_circle (center 16.2 0) (end 17.55 0) (layer F.Fab) (width 0.1))
    (fp_circle (center 21.6 0) (end 22.95 0) (layer F.Fab) (width 0.1))
    (fp_circle (center 27 0) (end 28.35 0) (layer F.Fab) (width 0.1))
    (fp_line (start -2.1 -1.88) (end -2.1 1.88) (layer F.CrtYd) (width 0.05))
    (fp_line (start -2.1 1.88) (end 2.1 1.88) (layer F.CrtYd) (width 0.05))
    (fp_line (start 2.1 1.88) (end 2.1 -1.88) (layer F.CrtYd) (width 0.05))
    (fp_line (start 2.1 -1.88) (end -2.1 -1.88) (layer F.CrtYd) (width 0.05))
    (fp_line (start 3.3 -1.88) (end 3.3 1.88) (layer F.CrtYd) (width 0.05))
    (fp_line (start 3.3 1.88) (end 7.5 1.88) (layer F.CrtYd) (width 0.05))
    (fp_line (start 7.5 1.88) (end 7.5 -1.88) (layer F.CrtYd) (width 0.05))
    (fp_line (start 7.5 -1.88) (end 3.3 -1.88) (layer F.CrtYd) (width 0.05))
    (fp_line (start 8.7 -1.88) (end 8.7 1.88) (layer F.CrtYd) (width 0.05))
    (fp_line (start 8.7 1.88) (end 12.9 1.88) (layer F.CrtYd) (width 0.05))
    (fp_line (start 12.9 1.88) (end 12.9 -1.88) (layer F.CrtYd) (width 0.05))
    (fp_line (start 12.9 -1.88) (end 8.7 -1.88) (layer F.CrtYd) (width 0.05))
    (fp_line (start 14.1 -1.88) (end 14.1 1.88) (layer F.CrtYd) (width 0.05))
    (fp_line (start 14.1 1.88) (end 18.3 1.88) (layer F.CrtYd) (width 0.05))
    (fp_line (start 18.3 1.88) (end 18.3 -1.88) (layer F.CrtYd) (width 0.05))
    (fp_line (start 18.3 -1.88) (end 14.1 -1.88) (layer F.CrtYd) (width 0.05))
    (fp_line (start 19.5 -1.88) (end 19.5 1.88) (layer F.CrtYd) (width 0.05))
    (fp_line (start 19.5 1.88) (end 23.7 1.88) (layer F.CrtYd) (width 0.05))
    (fp_line (start 23.7 1.88) (end 23.7 -1.88) (layer F.CrtYd) (width 0.05))
    (fp_line (start 23.7 -1.88) (end 19.5 -1.88) (layer F.CrtYd) (width 0.05))
    (fp_line (start 24.9 -1.88) (end 24.9 1.88) (layer F.CrtYd) (width 0.05))
    (fp_line (start 24.9 1.88) (end 29.1 1.88) (layer F.CrtYd) (width 0.05))
    (fp_line (start 29.1 1.88) (end 29.1 -1.88) (layer F.CrtYd) (width 0.05))
    (fp_line (start 29.1 -1.88) (end 24.9 -1.88) (layer F.CrtYd) (width 0.05))
    (fp_text user %R (at 13.5 0 90) (layer F.Fab)
      (effects (font (size 0.94 0.94) (thickness 0.14)))
    )
    (pad 1 thru_hole roundrect (at 0 0) (size 2.75 2.75) (drill 1.75) (layers *.Cu *.Mask) (roundrect_rratio 0.090909)
      (net 5 /SDA))
    (pad 2 thru_hole circle (at 5.4 0) (size 2.75 2.75) (drill 1.75) (layers *.Cu *.Mask)
      (net 6 /~INT))
    (pad 3 thru_hole circle (at 10.8 0) (size 2.75 2.75) (drill 1.75) (layers *.Cu *.Mask)
      (net 1 GND))
    (pad 4 thru_hole circle (at 16.2 0) (size 2.75 2.75) (drill 1.75) (layers *.Cu *.Mask)
      (net 2 +5V))
    (pad 5 thru_hole circle (at 21.6 0) (size 2.75 2.75) (drill 1.75) (layers *.Cu *.Mask)
      (net 7 /SCL))
    (pad 6 thru_hole circle (at 27 0) (size 2.75 2.75) (drill 1.75) (layers *.Cu *.Mask)
      (net 8 /~BUTTON))
    (model ${KISYS3DMOD}/Connector_Wire.3dshapes/SolderWire-1sqmm_1x06_P5.4mm_D1.4mm_OD2.7mm.wrl
      (at (xyz 0 0 0))
      (scale (xyz 1 1 1))
      (rotate (xyz 0 0 0))
    )
  )

  (module Package_TO_SOT_SMD:SOT-23 (layer F.Cu) (tedit 5A02FF57) (tstamp 5F8E293C)
    (at 120.65 94.615)
    (descr "SOT-23, Standard")
    (tags SOT-23)
    (path /5F8E011B)
    (attr smd)
    (fp_text reference Q1 (at 0 -2.5) (layer F.SilkS)
      (effects (font (size 1 1) (thickness 0.15)))
    )
    (fp_text value BSS138 (at 0 2.5) (layer F.Fab)
      (effects (font (size 1 1) (thickness 0.15)))
    )
    (fp_line (start -0.7 -0.95) (end -0.7 1.5) (layer F.Fab) (width 0.1))
    (fp_line (start -0.15 -1.52) (end 0.7 -1.52) (layer F.Fab) (width 0.1))
    (fp_line (start -0.7 -0.95) (end -0.15 -1.52) (layer F.Fab) (width 0.1))
    (fp_line (start 0.7 -1.52) (end 0.7 1.52) (layer F.Fab) (width 0.1))
    (fp_line (start -0.7 1.52) (end 0.7 1.52) (layer F.Fab) (width 0.1))
    (fp_line (start 0.76 1.58) (end 0.76 0.65) (layer F.SilkS) (width 0.12))
    (fp_line (start 0.76 -1.58) (end 0.76 -0.65) (layer F.SilkS) (width 0.12))
    (fp_line (start -1.7 -1.75) (end 1.7 -1.75) (layer F.CrtYd) (width 0.05))
    (fp_line (start 1.7 -1.75) (end 1.7 1.75) (layer F.CrtYd) (width 0.05))
    (fp_line (start 1.7 1.75) (end -1.7 1.75) (layer F.CrtYd) (width 0.05))
    (fp_line (start -1.7 1.75) (end -1.7 -1.75) (layer F.CrtYd) (width 0.05))
    (fp_line (start 0.76 -1.58) (end -1.4 -1.58) (layer F.SilkS) (width 0.12))
    (fp_line (start 0.76 1.58) (end -0.7 1.58) (layer F.SilkS) (width 0.12))
    (fp_text user %R (at 0 0 90) (layer F.Fab)
      (effects (font (size 0.5 0.5) (thickness 0.075)))
    )
    (pad 1 smd rect (at -1 -0.95) (size 0.9 0.8) (layers F.Cu F.Paste F.Mask)
      (net 3 +3V3))
    (pad 2 smd rect (at -1 0.95) (size 0.9 0.8) (layers F.Cu F.Paste F.Mask)
      (net 9 "Net-(Q1-Pad2)"))
    (pad 3 smd rect (at 1 0) (size 0.9 0.8) (layers F.Cu F.Paste F.Mask)
      (net 6 /~INT))
    (model ${KISYS3DMOD}/Package_TO_SOT_SMD.3dshapes/SOT-23.wrl
      (at (xyz 0 0 0))
      (scale (xyz 1 1 1))
      (rotate (xyz 0 0 0))
    )
  )

  (module Resistor_SMD:R_0805_2012Metric (layer F.Cu) (tedit 5F68FEEE) (tstamp 5F8E294D)
    (at 136.525 106.68)
    (descr "Resistor SMD 0805 (2012 Metric), square (rectangular) end terminal, IPC_7351 nominal, (Body size source: IPC-SM-782 page 72, https://www.pcb-3d.com/wordpress/wp-content/uploads/ipc-sm-782a_amendment_1_and_2.pdf), generated with kicad-footprint-generator")
    (tags resistor)
    (path /5F91731C)
    (attr smd)
    (fp_text reference R1 (at 0 -1.65) (layer F.SilkS)
      (effects (font (size 1 1) (thickness 0.15)))
    )
    (fp_text value 10K (at 0 1.65) (layer F.Fab)
      (effects (font (size 1 1) (thickness 0.15)))
    )
    (fp_line (start -1 0.625) (end -1 -0.625) (layer F.Fab) (width 0.1))
    (fp_line (start -1 -0.625) (end 1 -0.625) (layer F.Fab) (width 0.1))
    (fp_line (start 1 -0.625) (end 1 0.625) (layer F.Fab) (width 0.1))
    (fp_line (start 1 0.625) (end -1 0.625) (layer F.Fab) (width 0.1))
    (fp_line (start -0.227064 -0.735) (end 0.227064 -0.735) (layer F.SilkS) (width 0.12))
    (fp_line (start -0.227064 0.735) (end 0.227064 0.735) (layer F.SilkS) (width 0.12))
    (fp_line (start -1.68 0.95) (end -1.68 -0.95) (layer F.CrtYd) (width 0.05))
    (fp_line (start -1.68 -0.95) (end 1.68 -0.95) (layer F.CrtYd) (width 0.05))
    (fp_line (start 1.68 -0.95) (end 1.68 0.95) (layer F.CrtYd) (width 0.05))
    (fp_line (start 1.68 0.95) (end -1.68 0.95) (layer F.CrtYd) (width 0.05))
    (fp_text user %R (at 0 0) (layer F.Fab)
      (effects (font (size 0.5 0.5) (thickness 0.08)))
    )
    (pad 1 smd roundrect (at -0.9125 0) (size 1.025 1.4) (layers F.Cu F.Paste F.Mask) (roundrect_rratio 0.243902)
      (net 2 +5V))
    (pad 2 smd roundrect (at 0.9125 0) (size 1.025 1.4) (layers F.Cu F.Paste F.Mask) (roundrect_rratio 0.243902)
      (net 8 /~BUTTON))
    (model ${KISYS3DMOD}/Resistor_SMD.3dshapes/R_0805_2012Metric.wrl
      (at (xyz 0 0 0))
      (scale (xyz 1 1 1))
      (rotate (xyz 0 0 0))
    )
  )

  (module Resistor_SMD:R_0805_2012Metric (layer F.Cu) (tedit 5F68FEEE) (tstamp 5F903B43)
    (at 131.1675 77.47)
    (descr "Resistor SMD 0805 (2012 Metric), square (rectangular) end terminal, IPC_7351 nominal, (Body size source: IPC-SM-782 page 72, https://www.pcb-3d.com/wordpress/wp-content/uploads/ipc-sm-782a_amendment_1_and_2.pdf), generated with kicad-footprint-generator")
    (tags resistor)
    (path /5F8FA201)
    (attr smd)
    (fp_text reference R2 (at 0 -1.65) (layer F.SilkS)
      (effects (font (size 1 1) (thickness 0.15)))
    )
    (fp_text value 2K (at 0 1.65) (layer F.Fab)
      (effects (font (size 1 1) (thickness 0.15)))
    )
    (fp_line (start -1 0.625) (end -1 -0.625) (layer F.Fab) (width 0.1))
    (fp_line (start -1 -0.625) (end 1 -0.625) (layer F.Fab) (width 0.1))
    (fp_line (start 1 -0.625) (end 1 0.625) (layer F.Fab) (width 0.1))
    (fp_line (start 1 0.625) (end -1 0.625) (layer F.Fab) (width 0.1))
    (fp_line (start -0.227064 -0.735) (end 0.227064 -0.735) (layer F.SilkS) (width 0.12))
    (fp_line (start -0.227064 0.735) (end 0.227064 0.735) (layer F.SilkS) (width 0.12))
    (fp_line (start -1.68 0.95) (end -1.68 -0.95) (layer F.CrtYd) (width 0.05))
    (fp_line (start -1.68 -0.95) (end 1.68 -0.95) (layer F.CrtYd) (width 0.05))
    (fp_line (start 1.68 -0.95) (end 1.68 0.95) (layer F.CrtYd) (width 0.05))
    (fp_line (start 1.68 0.95) (end -1.68 0.95) (layer F.CrtYd) (width 0.05))
    (fp_text user %R (at 0 0) (layer F.Fab)
      (effects (font (size 0.5 0.5) (thickness 0.08)))
    )
    (pad 1 smd roundrect (at -0.9125 0) (size 1.025 1.4) (layers F.Cu F.Paste F.Mask) (roundrect_rratio 0.243902)
      (net 3 +3V3))
    (pad 2 smd roundrect (at 0.9125 0) (size 1.025 1.4) (layers F.Cu F.Paste F.Mask) (roundrect_rratio 0.243902)
      (net 10 "Net-(R2-Pad2)"))
    (model ${KISYS3DMOD}/Resistor_SMD.3dshapes/R_0805_2012Metric.wrl
      (at (xyz 0 0 0))
      (scale (xyz 1 1 1))
      (rotate (xyz 0 0 0))
    )
  )

  (module Resistor_SMD:R_0805_2012Metric (layer F.Cu) (tedit 5F68FEEE) (tstamp 5F8E296F)
    (at 131.1675 84.455)
    (descr "Resistor SMD 0805 (2012 Metric), square (rectangular) end terminal, IPC_7351 nominal, (Body size source: IPC-SM-782 page 72, https://www.pcb-3d.com/wordpress/wp-content/uploads/ipc-sm-782a_amendment_1_and_2.pdf), generated with kicad-footprint-generator")
    (tags resistor)
    (path /5F8FA6F9)
    (attr smd)
    (fp_text reference R3 (at 0 -1.65) (layer F.SilkS)
      (effects (font (size 1 1) (thickness 0.15)))
    )
    (fp_text value 2K (at 0 1.65) (layer F.Fab)
      (effects (font (size 1 1) (thickness 0.15)))
    )
    (fp_line (start 1.68 0.95) (end -1.68 0.95) (layer F.CrtYd) (width 0.05))
    (fp_line (start 1.68 -0.95) (end 1.68 0.95) (layer F.CrtYd) (width 0.05))
    (fp_line (start -1.68 -0.95) (end 1.68 -0.95) (layer F.CrtYd) (width 0.05))
    (fp_line (start -1.68 0.95) (end -1.68 -0.95) (layer F.CrtYd) (width 0.05))
    (fp_line (start -0.227064 0.735) (end 0.227064 0.735) (layer F.SilkS) (width 0.12))
    (fp_line (start -0.227064 -0.735) (end 0.227064 -0.735) (layer F.SilkS) (width 0.12))
    (fp_line (start 1 0.625) (end -1 0.625) (layer F.Fab) (width 0.1))
    (fp_line (start 1 -0.625) (end 1 0.625) (layer F.Fab) (width 0.1))
    (fp_line (start -1 -0.625) (end 1 -0.625) (layer F.Fab) (width 0.1))
    (fp_line (start -1 0.625) (end -1 -0.625) (layer F.Fab) (width 0.1))
    (fp_text user %R (at 0 0) (layer F.Fab)
      (effects (font (size 0.5 0.5) (thickness 0.08)))
    )
    (pad 2 smd roundrect (at 0.9125 0) (size 1.025 1.4) (layers F.Cu F.Paste F.Mask) (roundrect_rratio 0.243902)
      (net 11 "Net-(R3-Pad2)"))
    (pad 1 smd roundrect (at -0.9125 0) (size 1.025 1.4) (layers F.Cu F.Paste F.Mask) (roundrect_rratio 0.243902)
      (net 3 +3V3))
    (model ${KISYS3DMOD}/Resistor_SMD.3dshapes/R_0805_2012Metric.wrl
      (at (xyz 0 0 0))
      (scale (xyz 1 1 1))
      (rotate (xyz 0 0 0))
    )
  )

  (module Resistor_SMD:R_0805_2012Metric (layer F.Cu) (tedit 5F68FEEE) (tstamp 5F8E2980)
    (at 116.4825 92.075)
    (descr "Resistor SMD 0805 (2012 Metric), square (rectangular) end terminal, IPC_7351 nominal, (Body size source: IPC-SM-782 page 72, https://www.pcb-3d.com/wordpress/wp-content/uploads/ipc-sm-782a_amendment_1_and_2.pdf), generated with kicad-footprint-generator")
    (tags resistor)
    (path /5F8EF38B)
    (attr smd)
    (fp_text reference R4 (at 0 -1.65) (layer F.SilkS)
      (effects (font (size 1 1) (thickness 0.15)))
    )
    (fp_text value 10K (at 0 1.65) (layer F.Fab)
      (effects (font (size 1 1) (thickness 0.15)))
    )
    (fp_line (start -1 0.625) (end -1 -0.625) (layer F.Fab) (width 0.1))
    (fp_line (start -1 -0.625) (end 1 -0.625) (layer F.Fab) (width 0.1))
    (fp_line (start 1 -0.625) (end 1 0.625) (layer F.Fab) (width 0.1))
    (fp_line (start 1 0.625) (end -1 0.625) (layer F.Fab) (width 0.1))
    (fp_line (start -0.227064 -0.735) (end 0.227064 -0.735) (layer F.SilkS) (width 0.12))
    (fp_line (start -0.227064 0.735) (end 0.227064 0.735) (layer F.SilkS) (width 0.12))
    (fp_line (start -1.68 0.95) (end -1.68 -0.95) (layer F.CrtYd) (width 0.05))
    (fp_line (start -1.68 -0.95) (end 1.68 -0.95) (layer F.CrtYd) (width 0.05))
    (fp_line (start 1.68 -0.95) (end 1.68 0.95) (layer F.CrtYd) (width 0.05))
    (fp_line (start 1.68 0.95) (end -1.68 0.95) (layer F.CrtYd) (width 0.05))
    (fp_text user %R (at 0 0) (layer F.Fab)
      (effects (font (size 0.5 0.5) (thickness 0.08)))
    )
    (pad 1 smd roundrect (at -0.9125 0) (size 1.025 1.4) (layers F.Cu F.Paste F.Mask) (roundrect_rratio 0.243902)
      (net 3 +3V3))
    (pad 2 smd roundrect (at 0.9125 0) (size 1.025 1.4) (layers F.Cu F.Paste F.Mask) (roundrect_rratio 0.243902)
      (net 9 "Net-(Q1-Pad2)"))
    (model ${KISYS3DMOD}/Resistor_SMD.3dshapes/R_0805_2012Metric.wrl
      (at (xyz 0 0 0))
      (scale (xyz 1 1 1))
      (rotate (xyz 0 0 0))
    )
  )

  (module Resistor_SMD:R_0805_2012Metric (layer F.Cu) (tedit 5F68FEEE) (tstamp 5F8E2991)
    (at 124.8175 92.075)
    (descr "Resistor SMD 0805 (2012 Metric), square (rectangular) end terminal, IPC_7351 nominal, (Body size source: IPC-SM-782 page 72, https://www.pcb-3d.com/wordpress/wp-content/uploads/ipc-sm-782a_amendment_1_and_2.pdf), generated with kicad-footprint-generator")
    (tags resistor)
    (path /5F8F06C6)
    (attr smd)
    (fp_text reference R5 (at 0 -1.65) (layer F.SilkS)
      (effects (font (size 1 1) (thickness 0.15)))
    )
    (fp_text value 10K (at 0 1.65) (layer F.Fab)
      (effects (font (size 1 1) (thickness 0.15)))
    )
    (fp_line (start 1.68 0.95) (end -1.68 0.95) (layer F.CrtYd) (width 0.05))
    (fp_line (start 1.68 -0.95) (end 1.68 0.95) (layer F.CrtYd) (width 0.05))
    (fp_line (start -1.68 -0.95) (end 1.68 -0.95) (layer F.CrtYd) (width 0.05))
    (fp_line (start -1.68 0.95) (end -1.68 -0.95) (layer F.CrtYd) (width 0.05))
    (fp_line (start -0.227064 0.735) (end 0.227064 0.735) (layer F.SilkS) (width 0.12))
    (fp_line (start -0.227064 -0.735) (end 0.227064 -0.735) (layer F.SilkS) (width 0.12))
    (fp_line (start 1 0.625) (end -1 0.625) (layer F.Fab) (width 0.1))
    (fp_line (start 1 -0.625) (end 1 0.625) (layer F.Fab) (width 0.1))
    (fp_line (start -1 -0.625) (end 1 -0.625) (layer F.Fab) (width 0.1))
    (fp_line (start -1 0.625) (end -1 -0.625) (layer F.Fab) (width 0.1))
    (fp_text user %R (at 0 0) (layer F.Fab)
      (effects (font (size 0.5 0.5) (thickness 0.08)))
    )
    (pad 2 smd roundrect (at 0.9125 0) (size 1.025 1.4) (layers F.Cu F.Paste F.Mask) (roundrect_rratio 0.243902)
      (net 6 /~INT))
    (pad 1 smd roundrect (at -0.9125 0) (size 1.025 1.4) (layers F.Cu F.Paste F.Mask) (roundrect_rratio 0.243902)
      (net 2 +5V))
    (model ${KISYS3DMOD}/Resistor_SMD.3dshapes/R_0805_2012Metric.wrl
      (at (xyz 0 0 0))
      (scale (xyz 1 1 1))
      (rotate (xyz 0 0 0))
    )
  )

  (module lib_fp:SW_Key_6425_0101 locked (layer F.Cu) (tedit 5F8C9807) (tstamp 5F8E29A7)
    (at 120.65 116.89)
    (descr "SW PUSH SMALL http://www.ckswitches.com/media/1457/ksa_ksl.pdf")
    (tags "SW PUSH SMALL Tactile C&K")
    (path /5F8A2A8F)
    (fp_text reference SW1 (at -0.1 -8.5) (layer F.SilkS)
      (effects (font (size 1 1) (thickness 0.15)))
    )
    (fp_text value "Sensor Button" (at -0.1 9) (layer F.Fab)
      (effects (font (size 1 1) (thickness 0.15)))
    )
    (fp_line (start 6.775 6.775) (end -6.775 6.775) (layer F.Fab) (width 0.1))
    (fp_line (start 6.775 -6.775) (end 6.775 6.775) (layer F.Fab) (width 0.1))
    (fp_line (start -6.775 -6.775) (end 6.775 -6.775) (layer F.Fab) (width 0.1))
    (fp_line (start -6.775 6.775) (end -6.775 -6.775) (layer F.Fab) (width 0.1))
    (fp_line (start -6.885 -6.885) (end 6.885 -6.885) (layer F.SilkS) (width 0.12))
    (fp_line (start 6.885 6.885) (end -6.885 6.885) (layer F.SilkS) (width 0.12))
    (fp_line (start 6.885 -6.885) (end 6.885 6.885) (layer F.SilkS) (width 0.12))
    (fp_line (start -6.885 -6.885) (end -6.885 6.885) (layer F.SilkS) (width 0.12))
    (fp_line (start -7.75 -7.75) (end 7.75 -7.75) (layer F.CrtYd) (width 0.05))
    (fp_line (start -7.75 -7.75) (end -7.75 7.75) (layer F.CrtYd) (width 0.05))
    (fp_line (start 7.75 7.75) (end 7.75 -7.75) (layer F.CrtYd) (width 0.05))
    (fp_line (start 7.75 7.75) (end -7.75 7.75) (layer F.CrtYd) (width 0.05))
    (fp_circle (center 0 0) (end 3.75 0) (layer F.SilkS) (width 0.12))
    (fp_text user %R (at 0 2.3) (layer F.Fab)
      (effects (font (size 1 1) (thickness 0.15)))
    )
    (pad 1 thru_hole circle (at 0 0) (size 2.2 2.2) (drill 1.3) (layers *.Cu *.Mask)
      (net 1 GND))
    (pad 2 thru_hole circle (at 0 -5.08) (size 2.2 2.2) (drill 1.3) (layers *.Cu *.Mask)
      (net 8 /~BUTTON))
    (pad "" np_thru_hole circle (at 5.08 -5.08) (size 1.3 1.3) (drill 1.3) (layers *.Cu *.Mask))
    (pad "" np_thru_hole circle (at -5.08 5.08) (size 1.3 1.3) (drill 1.3) (layers *.Cu *.Mask))
    (model ${KIPRJMOD}/../modules/packages3d/lib_fp.3dshapes/Marquardt_6425_0101.step
      (at (xyz 0 0 0))
      (scale (xyz 1 1 1))
      (rotate (xyz 0 0 0))
    )
  )

  (module Package_TO_SOT_SMD:SOT-23-5 (layer F.Cu) (tedit 5A02FF57) (tstamp 5F8E3098)
    (at 132.08 93.345)
    (descr "5-pin SOT23 package")
    (tags SOT-23-5)
    (path /5F8A0F5B)
    (attr smd)
    (fp_text reference U1 (at 0 -2.9) (layer F.SilkS)
      (effects (font (size 1 1) (thickness 0.15)))
    )
    (fp_text value RT9193 (at 0 2.9) (layer F.Fab)
      (effects (font (size 1 1) (thickness 0.15)))
    )
    (fp_line (start -0.9 1.61) (end 0.9 1.61) (layer F.SilkS) (width 0.12))
    (fp_line (start 0.9 -1.61) (end -1.55 -1.61) (layer F.SilkS) (width 0.12))
    (fp_line (start -1.9 -1.8) (end 1.9 -1.8) (layer F.CrtYd) (width 0.05))
    (fp_line (start 1.9 -1.8) (end 1.9 1.8) (layer F.CrtYd) (width 0.05))
    (fp_line (start 1.9 1.8) (end -1.9 1.8) (layer F.CrtYd) (width 0.05))
    (fp_line (start -1.9 1.8) (end -1.9 -1.8) (layer F.CrtYd) (width 0.05))
    (fp_line (start -0.9 -0.9) (end -0.25 -1.55) (layer F.Fab) (width 0.1))
    (fp_line (start 0.9 -1.55) (end -0.25 -1.55) (layer F.Fab) (width 0.1))
    (fp_line (start -0.9 -0.9) (end -0.9 1.55) (layer F.Fab) (width 0.1))
    (fp_line (start 0.9 1.55) (end -0.9 1.55) (layer F.Fab) (width 0.1))
    (fp_line (start 0.9 -1.55) (end 0.9 1.55) (layer F.Fab) (width 0.1))
    (fp_text user %R (at 0 0 90) (layer F.Fab)
      (effects (font (size 0.5 0.5) (thickness 0.075)))
    )
    (pad 1 smd rect (at -1.1 -0.95) (size 1.06 0.65) (layers F.Cu F.Paste F.Mask)
      (net 2 +5V))
    (pad 2 smd rect (at -1.1 0) (size 1.06 0.65) (layers F.Cu F.Paste F.Mask)
      (net 1 GND))
    (pad 3 smd rect (at -1.1 0.95) (size 1.06 0.65) (layers F.Cu F.Paste F.Mask)
      (net 2 +5V))
    (pad 4 smd rect (at 1.1 0.95) (size 1.06 0.65) (layers F.Cu F.Paste F.Mask)
      (net 4 "Net-(C3-Pad2)"))
    (pad 5 smd rect (at 1.1 -0.95) (size 1.06 0.65) (layers F.Cu F.Paste F.Mask)
      (net 3 +3V3))
    (model ${KISYS3DMOD}/Package_TO_SOT_SMD.3dshapes/SOT-23-5.wrl
      (at (xyz 0 0 0))
      (scale (xyz 1 1 1))
      (rotate (xyz 0 0 0))
    )
  )

  (module lib_fp:AMS_TCS3472_DFN-6 locked (layer F.Cu) (tedit 5F88C2EB) (tstamp 5F8FD6A7)
    (at 120.65 65.9108)
    (descr "DFN, 6 Pin (https://ams.com/documents/20143/36005/TCS3472_DS000390_3-00.pdf)")
    (tags DFN)
    (path /5F8A152C)
    (attr smd)
    (fp_text reference U2 (at 0 -2.45) (layer F.SilkS)
      (effects (font (size 1 1) (thickness 0.15)))
    )
    (fp_text value TCS3472 (at 0 2.45) (layer F.Fab)
      (effects (font (size 1 1) (thickness 0.15)))
    )
    (fp_line (start -1 -1.31) (end 0 -1.31) (layer F.SilkS) (width 0.12))
    (fp_line (start -1 1.31) (end 1 1.31) (layer F.SilkS) (width 0.12))
    (fp_line (start -0.25 -1.2) (end 1 -1.2) (layer F.Fab) (width 0.1))
    (fp_line (start 1 -1.2) (end 1 1.2) (layer F.Fab) (width 0.1))
    (fp_line (start 1 1.2) (end -1 1.2) (layer F.Fab) (width 0.1))
    (fp_line (start -1 1.2) (end -1 -0.45) (layer F.Fab) (width 0.1))
    (fp_line (start -1 -0.45) (end -0.25 -1.2) (layer F.Fab) (width 0.1))
    (fp_line (start -1.5 -1.4) (end -1.5 1.4) (layer F.CrtYd) (width 0.05))
    (fp_line (start -1.5 1.4) (end 1.5 1.4) (layer F.CrtYd) (width 0.05))
    (fp_line (start 1.5 1.4) (end 1.5 -1.4) (layer F.CrtYd) (width 0.05))
    (fp_line (start 1.5 -1.4) (end -1.5 -1.4) (layer F.CrtYd) (width 0.05))
    (fp_text user %R (at 0 0) (layer F.Fab)
      (effects (font (size 0.4 0.4) (thickness 0.1)))
    )
    (pad 1 smd rect (at -0.75 -0.65) (size 1 0.4) (layers F.Cu F.Paste F.Mask)
      (net 3 +3V3))
    (pad 2 smd custom (at -0.75 0) (size 0.4 0.4) (layers F.Cu F.Paste F.Mask)
      (net 10 "Net-(R2-Pad2)") (zone_connect 0)
      (options (clearance outline) (anchor rect))
      (primitives
        (gr_circle (center 0.3 0) (end 0.5 0) (width 0))
        (gr_poly (pts
           (xy 0.3 -0.2) (xy -0.5 -0.2) (xy -0.5 0.2) (xy 0.3 0.2)) (width 0))
      ))
    (pad 3 smd custom (at -0.75 0.65) (size 0.4 0.4) (layers F.Cu F.Paste F.Mask)
      (net 1 GND) (zone_connect 0)
      (options (clearance outline) (anchor rect))
      (primitives
        (gr_circle (center 0.3 0) (end 0.5 0) (width 0))
        (gr_poly (pts
           (xy 0.3 -0.2) (xy -0.5 -0.2) (xy -0.5 0.2) (xy 0.3 0.2)) (width 0))
      ))
    (pad 4 smd custom (at 0.75 0.65 180) (size 0.4 0.4) (layers F.Cu F.Paste F.Mask)
      (net 12 "Net-(U2-Pad4)") (zone_connect 0)
      (options (clearance outline) (anchor rect))
      (primitives
        (gr_circle (center 0.3 0) (end 0.5 0) (width 0))
        (gr_poly (pts
           (xy 0.3 -0.2) (xy -0.5 -0.2) (xy -0.5 0.2) (xy 0.3 0.2)) (width 0))
      ))
    (pad 5 smd custom (at 0.75 0 180) (size 0.4 0.4) (layers F.Cu F.Paste F.Mask)
      (net 9 "Net-(Q1-Pad2)") (zone_connect 0)
      (options (clearance outline) (anchor rect))
      (primitives
        (gr_circle (center 0.3 0) (end 0.5 0) (width 0))
        (gr_poly (pts
           (xy 0.3 -0.2) (xy -0.5 -0.2) (xy -0.5 0.2) (xy 0.3 0.2)) (width 0))
      ))
    (pad 6 smd custom (at 0.75 -0.65 180) (size 0.4 0.4) (layers F.Cu F.Paste F.Mask)
      (net 11 "Net-(R3-Pad2)") (zone_connect 0)
      (options (clearance outline) (anchor rect))
      (primitives
        (gr_circle (center 0.3 0) (end 0.5 0) (width 0))
        (gr_poly (pts
           (xy 0.3 -0.2) (xy -0.5 -0.2) (xy -0.5 0.2) (xy 0.3 0.2)) (width 0))
      ))
    (model ${KIPRJMOD}/../modules/packages3d/lib_fp.3dshapes/AMS_TCS3472.step
      (at (xyz 0 0 0))
      (scale (xyz 1 1 1))
      (rotate (xyz 0 0 0))
    )
  )

  (module Package_SO:SOIC-8_3.9x4.9mm_P1.27mm (layer F.Cu) (tedit 5D9F72B1) (tstamp 5F8E2EC7)
    (at 106.68 93.98)
    (descr "SOIC, 8 Pin (JEDEC MS-012AA, https://www.analog.com/media/en/package-pcb-resources/package/pkg_pdf/soic_narrow-r/r_8.pdf), generated with kicad-footprint-generator ipc_gullwing_generator.py")
    (tags "SOIC SO")
    (path /5F8A31B7)
    (attr smd)
    (fp_text reference U3 (at 0 -3.4) (layer F.SilkS)
      (effects (font (size 1 1) (thickness 0.15)))
    )
    (fp_text value P82B96 (at 0 3.4) (layer F.Fab)
      (effects (font (size 1 1) (thickness 0.15)))
    )
    (fp_line (start 0 2.56) (end 1.95 2.56) (layer F.SilkS) (width 0.12))
    (fp_line (start 0 2.56) (end -1.95 2.56) (layer F.SilkS) (width 0.12))
